{
 "cells": [
  {
   "cell_type": "code",
   "execution_count": 38,
   "metadata": {},
   "outputs": [],
   "source": [
    "import os\n",
    "import pandas as pd\n",
    "import numpy as np\n",
    "from sklearn import linear_model\n",
    "import matplotlib.pyplot as plt\n",
    "from sklearn.model_selection import train_test_split"
   ]
  },
  {
   "cell_type": "code",
   "execution_count": 3,
   "metadata": {},
   "outputs": [
    {
     "name": "stdout",
     "output_type": "stream",
     "text": [
      "      Bypass Fraction  NG Steam Ratio  Steam Flow  Reformer Duty        AR  \\\n",
      "0                 0.8        0.800000    0.193898    9806.732716  0.002662   \n",
      "1                 0.8        0.810526    0.196449    9846.047501  0.002660   \n",
      "2                 0.8        0.821053    0.199000    9885.419259  0.002657   \n",
      "3                 0.8        0.831579    0.201552    9924.849127  0.002654   \n",
      "4                 0.8        0.842105    0.204103    9964.338177  0.002651   \n",
      "...               ...             ...         ...            ...       ...   \n",
      "2795              0.1        1.157895    1.262887   39771.876388  0.004086   \n",
      "2796              0.1        1.168421    1.274368   39989.582852  0.004080   \n",
      "2797              0.1        1.178947    1.285849   40207.531167  0.004073   \n",
      "2798              0.1        1.189474    1.297330   40425.721366  0.004067   \n",
      "2799              0.1        1.200000    1.308811   40644.153425  0.004060   \n",
      "\n",
      "          C2H6      C3H8     C4H10       CH4        CO       CO2        H2  \\\n",
      "0     0.012120  0.002651  0.001515  0.369276  0.073971  0.032251  0.208494   \n",
      "1     0.012107  0.002648  0.001513  0.368883  0.073684  0.032432  0.208507   \n",
      "2     0.012094  0.002646  0.001512  0.368491  0.073398  0.032612  0.208519   \n",
      "3     0.012082  0.002643  0.001510  0.368100  0.073114  0.032791  0.208529   \n",
      "4     0.012069  0.002640  0.001509  0.367710  0.072832  0.032968  0.208537   \n",
      "...        ...       ...       ...       ...       ...       ...       ...   \n",
      "2795  0.000517  0.000113  0.000065  0.016104  0.103440  0.054146  0.330923   \n",
      "2796  0.000516  0.000113  0.000064  0.016073  0.103003  0.054335  0.330682   \n",
      "2797  0.000515  0.000113  0.000064  0.016043  0.102569  0.054521  0.330439   \n",
      "2798  0.000514  0.000112  0.000064  0.016013  0.102138  0.054706  0.330196   \n",
      "2799  0.000513  0.000112  0.000064  0.015984  0.101710  0.054889  0.329953   \n",
      "\n",
      "           H2O        N2  \n",
      "0     0.070771  0.226288  \n",
      "1     0.071514  0.226050  \n",
      "2     0.072258  0.225813  \n",
      "3     0.073000  0.225577  \n",
      "4     0.073743  0.225341  \n",
      "...        ...       ...  \n",
      "2795  0.152351  0.338256  \n",
      "2796  0.153420  0.337714  \n",
      "2797  0.154487  0.337174  \n",
      "2798  0.155552  0.336636  \n",
      "2799  0.156616  0.336099  \n",
      "\n",
      "[2800 rows x 14 columns]\n"
     ]
    }
   ],
   "source": [
    "columns = ['Bypass Fraction', 'NG Steam Ratio', 'Steam Flow',\n",
    "           'Reformer Duty','AR', 'C2H6', 'C3H8', 'C4H10',\n",
    "           'CH4', 'CO', 'CO2', 'H2', 'H2O', 'N2']\n",
    "df = pd.read_csv(r'C:\\Users\\jwiggins\\Documents\\Python_virtual_env\\Supply Chain Simulation\\supply_chain_simulation\\supply_chain_simulation\\nn_optimization\\reformer.csv', usecols=columns)\n",
    "print(df)"
   ]
  },
  {
   "cell_type": "code",
   "execution_count": null,
   "metadata": {},
   "outputs": [],
   "source": [
    "X_train, X_test, y_train, y_test = train_test_split(X, y, test_size=0.33, random_state=42)"
   ]
  },
  {
   "cell_type": "code",
   "execution_count": 27,
   "metadata": {},
   "outputs": [],
   "source": [
    "# separate the data into inputs and outputs\n",
    "inputs = ['Bypass Fraction', 'NG Steam Ratio']\n",
    "outputs = [ 'Steam Flow', 'Reformer Duty','AR', 'C2H6', 'C3H8', 'C4H10',\n",
    "           'CH4', 'CO', 'CO2', 'H2', 'H2O', 'N2']\n",
    "dfin = df[inputs]\n",
    "dfout = df[outputs]"
   ]
  },
  {
   "cell_type": "code",
   "execution_count": 52,
   "metadata": {},
   "outputs": [],
   "source": [
    "X_train, X_test, y_train, y_test = train_test_split(dfin, dfout, test_size=0.95, random_state=42)"
   ]
  },
  {
   "cell_type": "code",
   "execution_count": 53,
   "metadata": {},
   "outputs": [],
   "source": [
    "regr = linear_model.LinearRegression()\n",
    "m=regr.fit(X_train, y_train)"
   ]
  },
  {
   "cell_type": "code",
   "execution_count": 64,
   "metadata": {},
   "outputs": [
    {
     "data": {
      "text/html": [
       "<table border=\"1\" class=\"dataframe\">\n",
       "  <thead>\n",
       "    <tr style=\"text-align: right;\">\n",
       "      <th></th>\n",
       "      <th>0</th>\n",
       "      <th>1</th>\n",
       "    </tr>\n",
       "  </thead>\n",
       "  <tbody>\n",
       "    <tr>\n",
       "      <th>0</th>\n",
       "      <td>-1.212170</td>\n",
       "      <td>0.669097</td>\n",
       "    </tr>\n",
       "    <tr>\n",
       "      <th>1</th>\n",
       "      <td>-37435.932018</td>\n",
       "      <td>12179.854382</td>\n",
       "    </tr>\n",
       "    <tr>\n",
       "      <th>2</th>\n",
       "      <td>-0.002025</td>\n",
       "      <td>-0.000515</td>\n",
       "    </tr>\n",
       "    <tr>\n",
       "      <th>3</th>\n",
       "      <td>0.014577</td>\n",
       "      <td>-0.000501</td>\n",
       "    </tr>\n",
       "    <tr>\n",
       "      <th>4</th>\n",
       "      <td>0.003189</td>\n",
       "      <td>-0.000110</td>\n",
       "    </tr>\n",
       "    <tr>\n",
       "      <th>5</th>\n",
       "      <td>0.001822</td>\n",
       "      <td>-0.000063</td>\n",
       "    </tr>\n",
       "    <tr>\n",
       "      <th>6</th>\n",
       "      <td>0.443457</td>\n",
       "      <td>-0.015819</td>\n",
       "    </tr>\n",
       "    <tr>\n",
       "      <th>7</th>\n",
       "      <td>-0.053438</td>\n",
       "      <td>-0.038693</td>\n",
       "    </tr>\n",
       "    <tr>\n",
       "      <th>8</th>\n",
       "      <td>-0.019988</td>\n",
       "      <td>0.019222</td>\n",
       "    </tr>\n",
       "    <tr>\n",
       "      <th>9</th>\n",
       "      <td>-0.161677</td>\n",
       "      <td>-0.013950</td>\n",
       "    </tr>\n",
       "    <tr>\n",
       "      <th>10</th>\n",
       "      <td>-0.065685</td>\n",
       "      <td>0.093271</td>\n",
       "    </tr>\n",
       "    <tr>\n",
       "      <th>11</th>\n",
       "      <td>-0.160231</td>\n",
       "      <td>-0.042843</td>\n",
       "    </tr>\n",
       "  </tbody>\n",
       "</table>"
      ],
      "text/plain": [
       "<IPython.core.display.HTML object>"
      ]
     },
     "metadata": {},
     "output_type": "display_data"
    }
   ],
   "source": [
    "from IPython.display import display, HTML\n",
    "y_pred=pd.DataFrame(m.predict(X_test))\n",
    "df_df=pd.DataFrame(y_test)\n",
    "cols=df_df.columns\n",
    "y_pred.columns=cols\n",
    "y_pred\n",
    "m.score(X_train,y_train)\n",
    "display(HTML(pd.DataFrame(m.coef_).to_html()))\n",
    "\n",
    "# m.intercept_"
   ]
  },
  {
   "cell_type": "code",
   "execution_count": null,
   "metadata": {},
   "outputs": [],
   "source": []
  },
  {
   "cell_type": "code",
   "execution_count": 55,
   "metadata": {},
   "outputs": [
    {
     "data": {
      "text/html": [
       "<div>\n",
       "<style scoped>\n",
       "    .dataframe tbody tr th:only-of-type {\n",
       "        vertical-align: middle;\n",
       "    }\n",
       "\n",
       "    .dataframe tbody tr th {\n",
       "        vertical-align: top;\n",
       "    }\n",
       "\n",
       "    .dataframe thead th {\n",
       "        text-align: right;\n",
       "    }\n",
       "</style>\n",
       "<table border=\"1\" class=\"dataframe\">\n",
       "  <thead>\n",
       "    <tr style=\"text-align: right;\">\n",
       "      <th></th>\n",
       "      <th>Steam Flow</th>\n",
       "      <th>Reformer Duty</th>\n",
       "      <th>AR</th>\n",
       "      <th>C2H6</th>\n",
       "      <th>C3H8</th>\n",
       "      <th>C4H10</th>\n",
       "      <th>CH4</th>\n",
       "      <th>CO</th>\n",
       "      <th>CO2</th>\n",
       "      <th>H2</th>\n",
       "      <th>H2O</th>\n",
       "      <th>N2</th>\n",
       "    </tr>\n",
       "  </thead>\n",
       "  <tbody>\n",
       "    <tr>\n",
       "      <th>Steam Flow</th>\n",
       "      <td>1.000000</td>\n",
       "      <td>0.992204</td>\n",
       "      <td>0.881405</td>\n",
       "      <td>-0.938739</td>\n",
       "      <td>-0.938739</td>\n",
       "      <td>-0.938739</td>\n",
       "      <td>-0.938945</td>\n",
       "      <td>0.752169</td>\n",
       "      <td>0.965618</td>\n",
       "      <td>0.917454</td>\n",
       "      <td>0.919923</td>\n",
       "      <td>0.878297</td>\n",
       "    </tr>\n",
       "    <tr>\n",
       "      <th>Reformer Duty</th>\n",
       "      <td>0.992204</td>\n",
       "      <td>1.000000</td>\n",
       "      <td>0.924622</td>\n",
       "      <td>-0.963338</td>\n",
       "      <td>-0.963338</td>\n",
       "      <td>-0.963338</td>\n",
       "      <td>-0.963458</td>\n",
       "      <td>0.821380</td>\n",
       "      <td>0.933418</td>\n",
       "      <td>0.949993</td>\n",
       "      <td>0.867515</td>\n",
       "      <td>0.922326</td>\n",
       "    </tr>\n",
       "    <tr>\n",
       "      <th>AR</th>\n",
       "      <td>0.881405</td>\n",
       "      <td>0.924622</td>\n",
       "      <td>1.000000</td>\n",
       "      <td>-0.987259</td>\n",
       "      <td>-0.987259</td>\n",
       "      <td>-0.987259</td>\n",
       "      <td>-0.987143</td>\n",
       "      <td>0.970740</td>\n",
       "      <td>0.806775</td>\n",
       "      <td>0.995717</td>\n",
       "      <td>0.689724</td>\n",
       "      <td>0.999974</td>\n",
       "    </tr>\n",
       "    <tr>\n",
       "      <th>C2H6</th>\n",
       "      <td>-0.938739</td>\n",
       "      <td>-0.963338</td>\n",
       "      <td>-0.987259</td>\n",
       "      <td>1.000000</td>\n",
       "      <td>1.000000</td>\n",
       "      <td>1.000000</td>\n",
       "      <td>1.000000</td>\n",
       "      <td>-0.920167</td>\n",
       "      <td>-0.890495</td>\n",
       "      <td>-0.997738</td>\n",
       "      <td>-0.796150</td>\n",
       "      <td>-0.986094</td>\n",
       "    </tr>\n",
       "    <tr>\n",
       "      <th>C3H8</th>\n",
       "      <td>-0.938739</td>\n",
       "      <td>-0.963338</td>\n",
       "      <td>-0.987259</td>\n",
       "      <td>1.000000</td>\n",
       "      <td>1.000000</td>\n",
       "      <td>1.000000</td>\n",
       "      <td>1.000000</td>\n",
       "      <td>-0.920167</td>\n",
       "      <td>-0.890495</td>\n",
       "      <td>-0.997738</td>\n",
       "      <td>-0.796150</td>\n",
       "      <td>-0.986094</td>\n",
       "    </tr>\n",
       "    <tr>\n",
       "      <th>C4H10</th>\n",
       "      <td>-0.938739</td>\n",
       "      <td>-0.963338</td>\n",
       "      <td>-0.987259</td>\n",
       "      <td>1.000000</td>\n",
       "      <td>1.000000</td>\n",
       "      <td>1.000000</td>\n",
       "      <td>1.000000</td>\n",
       "      <td>-0.920167</td>\n",
       "      <td>-0.890495</td>\n",
       "      <td>-0.997738</td>\n",
       "      <td>-0.796150</td>\n",
       "      <td>-0.986094</td>\n",
       "    </tr>\n",
       "    <tr>\n",
       "      <th>CH4</th>\n",
       "      <td>-0.938945</td>\n",
       "      <td>-0.963458</td>\n",
       "      <td>-0.987143</td>\n",
       "      <td>1.000000</td>\n",
       "      <td>1.000000</td>\n",
       "      <td>1.000000</td>\n",
       "      <td>1.000000</td>\n",
       "      <td>-0.919883</td>\n",
       "      <td>-0.890825</td>\n",
       "      <td>-0.997690</td>\n",
       "      <td>-0.796588</td>\n",
       "      <td>-0.985974</td>\n",
       "    </tr>\n",
       "    <tr>\n",
       "      <th>CO</th>\n",
       "      <td>0.752169</td>\n",
       "      <td>0.821380</td>\n",
       "      <td>0.970740</td>\n",
       "      <td>-0.920167</td>\n",
       "      <td>-0.920167</td>\n",
       "      <td>-0.920167</td>\n",
       "      <td>-0.919883</td>\n",
       "      <td>1.000000</td>\n",
       "      <td>0.641283</td>\n",
       "      <td>0.944381</td>\n",
       "      <td>0.495716</td>\n",
       "      <td>0.972434</td>\n",
       "    </tr>\n",
       "    <tr>\n",
       "      <th>CO2</th>\n",
       "      <td>0.965618</td>\n",
       "      <td>0.933418</td>\n",
       "      <td>0.806775</td>\n",
       "      <td>-0.890495</td>\n",
       "      <td>-0.890495</td>\n",
       "      <td>-0.890495</td>\n",
       "      <td>-0.890825</td>\n",
       "      <td>0.641283</td>\n",
       "      <td>1.000000</td>\n",
       "      <td>0.857946</td>\n",
       "      <td>0.984139</td>\n",
       "      <td>0.802524</td>\n",
       "    </tr>\n",
       "    <tr>\n",
       "      <th>H2</th>\n",
       "      <td>0.917454</td>\n",
       "      <td>0.949993</td>\n",
       "      <td>0.995717</td>\n",
       "      <td>-0.997738</td>\n",
       "      <td>-0.997738</td>\n",
       "      <td>-0.997738</td>\n",
       "      <td>-0.997690</td>\n",
       "      <td>0.944381</td>\n",
       "      <td>0.857946</td>\n",
       "      <td>1.000000</td>\n",
       "      <td>0.753689</td>\n",
       "      <td>0.995030</td>\n",
       "    </tr>\n",
       "    <tr>\n",
       "      <th>H2O</th>\n",
       "      <td>0.919923</td>\n",
       "      <td>0.867515</td>\n",
       "      <td>0.689724</td>\n",
       "      <td>-0.796150</td>\n",
       "      <td>-0.796150</td>\n",
       "      <td>-0.796150</td>\n",
       "      <td>-0.796588</td>\n",
       "      <td>0.495716</td>\n",
       "      <td>0.984139</td>\n",
       "      <td>0.753689</td>\n",
       "      <td>1.000000</td>\n",
       "      <td>0.684522</td>\n",
       "    </tr>\n",
       "    <tr>\n",
       "      <th>N2</th>\n",
       "      <td>0.878297</td>\n",
       "      <td>0.922326</td>\n",
       "      <td>0.999974</td>\n",
       "      <td>-0.986094</td>\n",
       "      <td>-0.986094</td>\n",
       "      <td>-0.986094</td>\n",
       "      <td>-0.985974</td>\n",
       "      <td>0.972434</td>\n",
       "      <td>0.802524</td>\n",
       "      <td>0.995030</td>\n",
       "      <td>0.684522</td>\n",
       "      <td>1.000000</td>\n",
       "    </tr>\n",
       "  </tbody>\n",
       "</table>\n",
       "</div>"
      ],
      "text/plain": [
       "               Steam Flow  Reformer Duty        AR      C2H6      C3H8  \\\n",
       "Steam Flow       1.000000       0.992204  0.881405 -0.938739 -0.938739   \n",
       "Reformer Duty    0.992204       1.000000  0.924622 -0.963338 -0.963338   \n",
       "AR               0.881405       0.924622  1.000000 -0.987259 -0.987259   \n",
       "C2H6            -0.938739      -0.963338 -0.987259  1.000000  1.000000   \n",
       "C3H8            -0.938739      -0.963338 -0.987259  1.000000  1.000000   \n",
       "C4H10           -0.938739      -0.963338 -0.987259  1.000000  1.000000   \n",
       "CH4             -0.938945      -0.963458 -0.987143  1.000000  1.000000   \n",
       "CO               0.752169       0.821380  0.970740 -0.920167 -0.920167   \n",
       "CO2              0.965618       0.933418  0.806775 -0.890495 -0.890495   \n",
       "H2               0.917454       0.949993  0.995717 -0.997738 -0.997738   \n",
       "H2O              0.919923       0.867515  0.689724 -0.796150 -0.796150   \n",
       "N2               0.878297       0.922326  0.999974 -0.986094 -0.986094   \n",
       "\n",
       "                  C4H10       CH4        CO       CO2        H2       H2O  \\\n",
       "Steam Flow    -0.938739 -0.938945  0.752169  0.965618  0.917454  0.919923   \n",
       "Reformer Duty -0.963338 -0.963458  0.821380  0.933418  0.949993  0.867515   \n",
       "AR            -0.987259 -0.987143  0.970740  0.806775  0.995717  0.689724   \n",
       "C2H6           1.000000  1.000000 -0.920167 -0.890495 -0.997738 -0.796150   \n",
       "C3H8           1.000000  1.000000 -0.920167 -0.890495 -0.997738 -0.796150   \n",
       "C4H10          1.000000  1.000000 -0.920167 -0.890495 -0.997738 -0.796150   \n",
       "CH4            1.000000  1.000000 -0.919883 -0.890825 -0.997690 -0.796588   \n",
       "CO            -0.920167 -0.919883  1.000000  0.641283  0.944381  0.495716   \n",
       "CO2           -0.890495 -0.890825  0.641283  1.000000  0.857946  0.984139   \n",
       "H2            -0.997738 -0.997690  0.944381  0.857946  1.000000  0.753689   \n",
       "H2O           -0.796150 -0.796588  0.495716  0.984139  0.753689  1.000000   \n",
       "N2            -0.986094 -0.985974  0.972434  0.802524  0.995030  0.684522   \n",
       "\n",
       "                     N2  \n",
       "Steam Flow     0.878297  \n",
       "Reformer Duty  0.922326  \n",
       "AR             0.999974  \n",
       "C2H6          -0.986094  \n",
       "C3H8          -0.986094  \n",
       "C4H10         -0.986094  \n",
       "CH4           -0.985974  \n",
       "CO             0.972434  \n",
       "CO2            0.802524  \n",
       "H2             0.995030  \n",
       "H2O            0.684522  \n",
       "N2             1.000000  "
      ]
     },
     "execution_count": 55,
     "metadata": {},
     "output_type": "execute_result"
    }
   ],
   "source": [
    "heat_map_data=pd.concat([y_pred,df_df]).corr()\n",
    "heat_map_data"
   ]
  },
  {
   "cell_type": "code",
   "execution_count": 56,
   "metadata": {},
   "outputs": [
    {
     "data": {
      "application/vnd.plotly.v1+json": {
       "config": {
        "plotlyServerURL": "https://plot.ly"
       },
       "data": [
        {
         "coloraxis": "coloraxis",
         "hovertemplate": "x: %{x}<br>y: %{y}<br>color: %{z}<extra></extra>",
         "name": "0",
         "type": "heatmap",
         "x": [
          "Steam Flow",
          "Reformer Duty",
          "AR",
          "C2H6",
          "C3H8",
          "C4H10",
          "CH4",
          "CO",
          "CO2",
          "H2",
          "H2O",
          "N2"
         ],
         "xaxis": "x",
         "y": [
          "Steam Flow",
          "Reformer Duty",
          "AR",
          "C2H6",
          "C3H8",
          "C4H10",
          "CH4",
          "CO",
          "CO2",
          "H2",
          "H2O",
          "N2"
         ],
         "yaxis": "y",
         "z": [
          [
           1,
           0.992203810131753,
           0.8814052964555896,
           -0.9387389333118127,
           -0.9387389278953331,
           -0.9387389278952725,
           -0.9389450766108394,
           0.7521687196516024,
           0.9656177126198453,
           0.9174544105517689,
           0.9199229888289736,
           0.8782972038580914
          ],
          [
           0.992203810131753,
           1,
           0.9246224952230364,
           -0.9633381081954489,
           -0.9633381050389002,
           -0.9633381050388589,
           -0.963458131335211,
           0.8213796321825395,
           0.9334176604927983,
           0.9499928910819594,
           0.8675148565539905,
           0.9223263615252094
          ],
          [
           0.8814052964555896,
           0.9246224952230364,
           1,
           -0.9872589651766465,
           -0.9872589682012847,
           -0.987258968201312,
           -0.9871434901710466,
           0.9707397603824443,
           0.8067746010099158,
           0.9957169955625916,
           0.6897242413247886,
           0.9999743612763972
          ],
          [
           -0.9387389333118127,
           -0.9633381081954489,
           -0.9872589651766465,
           1,
           0.9999999999999996,
           0.9999999999999946,
           0.9999997369352396,
           -0.9201671637175936,
           -0.8904952517160197,
           -0.9977384399042503,
           -0.7961504247984885,
           -0.9860942169555221
          ],
          [
           -0.9387389278953331,
           -0.9633381050389002,
           -0.9872589682012847,
           0.9999999999999996,
           1,
           0.9999999999999967,
           0.999999736921388,
           -0.9201671711683677,
           -0.8904952430456875,
           -0.9977384411771548,
           -0.7961504133049265,
           -0.9860942201144584
          ],
          [
           -0.9387389278952725,
           -0.9633381050388589,
           -0.987258968201312,
           0.9999999999999946,
           0.9999999999999967,
           1,
           0.9999997369213837,
           -0.9201671711684476,
           -0.8904952430455875,
           -0.9977384411771668,
           -0.7961504133047993,
           -0.9860942201144919
          ],
          [
           -0.9389450766108394,
           -0.963458131335211,
           -0.9871434901710466,
           0.9999997369352396,
           0.999999736921388,
           0.9999997369213837,
           1,
           -0.9198832615392185,
           -0.8908248601844011,
           -0.9976896162455104,
           -0.7965881735178825,
           -0.9859736263645401
          ],
          [
           0.7521687196516024,
           0.8213796321825395,
           0.9707397603824443,
           -0.9201671637175936,
           -0.9201671711683677,
           -0.9201671711684476,
           -0.9198832615392185,
           1,
           0.6412830836940664,
           0.9443809895783788,
           0.49571574570735893,
           0.9724341409048199
          ],
          [
           0.9656177126198453,
           0.9334176604927983,
           0.8067746010099158,
           -0.8904952517160197,
           -0.8904952430456875,
           -0.8904952430455875,
           -0.8908248601844011,
           0.6412830836940664,
           1,
           0.8579461602129954,
           0.9841393673478617,
           0.8025237472024482
          ],
          [
           0.9174544105517689,
           0.9499928910819594,
           0.9957169955625916,
           -0.9977384399042503,
           -0.9977384411771548,
           -0.9977384411771668,
           -0.9976896162455104,
           0.9443809895783788,
           0.8579461602129954,
           1,
           0.7536886882279129,
           0.9950295828183796
          ],
          [
           0.9199229888289736,
           0.8675148565539905,
           0.6897242413247886,
           -0.7961504247984885,
           -0.7961504133049265,
           -0.7961504133047993,
           -0.7965881735178825,
           0.49571574570735893,
           0.9841393673478617,
           0.7536886882279129,
           1,
           0.684521709721323
          ],
          [
           0.8782972038580914,
           0.9223263615252094,
           0.9999743612763972,
           -0.9860942169555221,
           -0.9860942201144584,
           -0.9860942201144919,
           -0.9859736263645401,
           0.9724341409048199,
           0.8025237472024482,
           0.9950295828183796,
           0.684521709721323,
           1
          ]
         ]
        }
       ],
       "layout": {
        "coloraxis": {
         "colorscale": [
          [
           0,
           "#0d0887"
          ],
          [
           0.1111111111111111,
           "#46039f"
          ],
          [
           0.2222222222222222,
           "#7201a8"
          ],
          [
           0.3333333333333333,
           "#9c179e"
          ],
          [
           0.4444444444444444,
           "#bd3786"
          ],
          [
           0.5555555555555556,
           "#d8576b"
          ],
          [
           0.6666666666666666,
           "#ed7953"
          ],
          [
           0.7777777777777778,
           "#fb9f3a"
          ],
          [
           0.8888888888888888,
           "#fdca26"
          ],
          [
           1,
           "#f0f921"
          ]
         ]
        },
        "margin": {
         "t": 60
        },
        "template": {
         "data": {
          "bar": [
           {
            "error_x": {
             "color": "#2a3f5f"
            },
            "error_y": {
             "color": "#2a3f5f"
            },
            "marker": {
             "line": {
              "color": "#E5ECF6",
              "width": 0.5
             },
             "pattern": {
              "fillmode": "overlay",
              "size": 10,
              "solidity": 0.2
             }
            },
            "type": "bar"
           }
          ],
          "barpolar": [
           {
            "marker": {
             "line": {
              "color": "#E5ECF6",
              "width": 0.5
             },
             "pattern": {
              "fillmode": "overlay",
              "size": 10,
              "solidity": 0.2
             }
            },
            "type": "barpolar"
           }
          ],
          "carpet": [
           {
            "aaxis": {
             "endlinecolor": "#2a3f5f",
             "gridcolor": "white",
             "linecolor": "white",
             "minorgridcolor": "white",
             "startlinecolor": "#2a3f5f"
            },
            "baxis": {
             "endlinecolor": "#2a3f5f",
             "gridcolor": "white",
             "linecolor": "white",
             "minorgridcolor": "white",
             "startlinecolor": "#2a3f5f"
            },
            "type": "carpet"
           }
          ],
          "choropleth": [
           {
            "colorbar": {
             "outlinewidth": 0,
             "ticks": ""
            },
            "type": "choropleth"
           }
          ],
          "contour": [
           {
            "colorbar": {
             "outlinewidth": 0,
             "ticks": ""
            },
            "colorscale": [
             [
              0,
              "#0d0887"
             ],
             [
              0.1111111111111111,
              "#46039f"
             ],
             [
              0.2222222222222222,
              "#7201a8"
             ],
             [
              0.3333333333333333,
              "#9c179e"
             ],
             [
              0.4444444444444444,
              "#bd3786"
             ],
             [
              0.5555555555555556,
              "#d8576b"
             ],
             [
              0.6666666666666666,
              "#ed7953"
             ],
             [
              0.7777777777777778,
              "#fb9f3a"
             ],
             [
              0.8888888888888888,
              "#fdca26"
             ],
             [
              1,
              "#f0f921"
             ]
            ],
            "type": "contour"
           }
          ],
          "contourcarpet": [
           {
            "colorbar": {
             "outlinewidth": 0,
             "ticks": ""
            },
            "type": "contourcarpet"
           }
          ],
          "heatmap": [
           {
            "colorbar": {
             "outlinewidth": 0,
             "ticks": ""
            },
            "colorscale": [
             [
              0,
              "#0d0887"
             ],
             [
              0.1111111111111111,
              "#46039f"
             ],
             [
              0.2222222222222222,
              "#7201a8"
             ],
             [
              0.3333333333333333,
              "#9c179e"
             ],
             [
              0.4444444444444444,
              "#bd3786"
             ],
             [
              0.5555555555555556,
              "#d8576b"
             ],
             [
              0.6666666666666666,
              "#ed7953"
             ],
             [
              0.7777777777777778,
              "#fb9f3a"
             ],
             [
              0.8888888888888888,
              "#fdca26"
             ],
             [
              1,
              "#f0f921"
             ]
            ],
            "type": "heatmap"
           }
          ],
          "heatmapgl": [
           {
            "colorbar": {
             "outlinewidth": 0,
             "ticks": ""
            },
            "colorscale": [
             [
              0,
              "#0d0887"
             ],
             [
              0.1111111111111111,
              "#46039f"
             ],
             [
              0.2222222222222222,
              "#7201a8"
             ],
             [
              0.3333333333333333,
              "#9c179e"
             ],
             [
              0.4444444444444444,
              "#bd3786"
             ],
             [
              0.5555555555555556,
              "#d8576b"
             ],
             [
              0.6666666666666666,
              "#ed7953"
             ],
             [
              0.7777777777777778,
              "#fb9f3a"
             ],
             [
              0.8888888888888888,
              "#fdca26"
             ],
             [
              1,
              "#f0f921"
             ]
            ],
            "type": "heatmapgl"
           }
          ],
          "histogram": [
           {
            "marker": {
             "pattern": {
              "fillmode": "overlay",
              "size": 10,
              "solidity": 0.2
             }
            },
            "type": "histogram"
           }
          ],
          "histogram2d": [
           {
            "colorbar": {
             "outlinewidth": 0,
             "ticks": ""
            },
            "colorscale": [
             [
              0,
              "#0d0887"
             ],
             [
              0.1111111111111111,
              "#46039f"
             ],
             [
              0.2222222222222222,
              "#7201a8"
             ],
             [
              0.3333333333333333,
              "#9c179e"
             ],
             [
              0.4444444444444444,
              "#bd3786"
             ],
             [
              0.5555555555555556,
              "#d8576b"
             ],
             [
              0.6666666666666666,
              "#ed7953"
             ],
             [
              0.7777777777777778,
              "#fb9f3a"
             ],
             [
              0.8888888888888888,
              "#fdca26"
             ],
             [
              1,
              "#f0f921"
             ]
            ],
            "type": "histogram2d"
           }
          ],
          "histogram2dcontour": [
           {
            "colorbar": {
             "outlinewidth": 0,
             "ticks": ""
            },
            "colorscale": [
             [
              0,
              "#0d0887"
             ],
             [
              0.1111111111111111,
              "#46039f"
             ],
             [
              0.2222222222222222,
              "#7201a8"
             ],
             [
              0.3333333333333333,
              "#9c179e"
             ],
             [
              0.4444444444444444,
              "#bd3786"
             ],
             [
              0.5555555555555556,
              "#d8576b"
             ],
             [
              0.6666666666666666,
              "#ed7953"
             ],
             [
              0.7777777777777778,
              "#fb9f3a"
             ],
             [
              0.8888888888888888,
              "#fdca26"
             ],
             [
              1,
              "#f0f921"
             ]
            ],
            "type": "histogram2dcontour"
           }
          ],
          "mesh3d": [
           {
            "colorbar": {
             "outlinewidth": 0,
             "ticks": ""
            },
            "type": "mesh3d"
           }
          ],
          "parcoords": [
           {
            "line": {
             "colorbar": {
              "outlinewidth": 0,
              "ticks": ""
             }
            },
            "type": "parcoords"
           }
          ],
          "pie": [
           {
            "automargin": true,
            "type": "pie"
           }
          ],
          "scatter": [
           {
            "fillpattern": {
             "fillmode": "overlay",
             "size": 10,
             "solidity": 0.2
            },
            "type": "scatter"
           }
          ],
          "scatter3d": [
           {
            "line": {
             "colorbar": {
              "outlinewidth": 0,
              "ticks": ""
             }
            },
            "marker": {
             "colorbar": {
              "outlinewidth": 0,
              "ticks": ""
             }
            },
            "type": "scatter3d"
           }
          ],
          "scattercarpet": [
           {
            "marker": {
             "colorbar": {
              "outlinewidth": 0,
              "ticks": ""
             }
            },
            "type": "scattercarpet"
           }
          ],
          "scattergeo": [
           {
            "marker": {
             "colorbar": {
              "outlinewidth": 0,
              "ticks": ""
             }
            },
            "type": "scattergeo"
           }
          ],
          "scattergl": [
           {
            "marker": {
             "colorbar": {
              "outlinewidth": 0,
              "ticks": ""
             }
            },
            "type": "scattergl"
           }
          ],
          "scattermapbox": [
           {
            "marker": {
             "colorbar": {
              "outlinewidth": 0,
              "ticks": ""
             }
            },
            "type": "scattermapbox"
           }
          ],
          "scatterpolar": [
           {
            "marker": {
             "colorbar": {
              "outlinewidth": 0,
              "ticks": ""
             }
            },
            "type": "scatterpolar"
           }
          ],
          "scatterpolargl": [
           {
            "marker": {
             "colorbar": {
              "outlinewidth": 0,
              "ticks": ""
             }
            },
            "type": "scatterpolargl"
           }
          ],
          "scatterternary": [
           {
            "marker": {
             "colorbar": {
              "outlinewidth": 0,
              "ticks": ""
             }
            },
            "type": "scatterternary"
           }
          ],
          "surface": [
           {
            "colorbar": {
             "outlinewidth": 0,
             "ticks": ""
            },
            "colorscale": [
             [
              0,
              "#0d0887"
             ],
             [
              0.1111111111111111,
              "#46039f"
             ],
             [
              0.2222222222222222,
              "#7201a8"
             ],
             [
              0.3333333333333333,
              "#9c179e"
             ],
             [
              0.4444444444444444,
              "#bd3786"
             ],
             [
              0.5555555555555556,
              "#d8576b"
             ],
             [
              0.6666666666666666,
              "#ed7953"
             ],
             [
              0.7777777777777778,
              "#fb9f3a"
             ],
             [
              0.8888888888888888,
              "#fdca26"
             ],
             [
              1,
              "#f0f921"
             ]
            ],
            "type": "surface"
           }
          ],
          "table": [
           {
            "cells": {
             "fill": {
              "color": "#EBF0F8"
             },
             "line": {
              "color": "white"
             }
            },
            "header": {
             "fill": {
              "color": "#C8D4E3"
             },
             "line": {
              "color": "white"
             }
            },
            "type": "table"
           }
          ]
         },
         "layout": {
          "annotationdefaults": {
           "arrowcolor": "#2a3f5f",
           "arrowhead": 0,
           "arrowwidth": 1
          },
          "autotypenumbers": "strict",
          "coloraxis": {
           "colorbar": {
            "outlinewidth": 0,
            "ticks": ""
           }
          },
          "colorscale": {
           "diverging": [
            [
             0,
             "#8e0152"
            ],
            [
             0.1,
             "#c51b7d"
            ],
            [
             0.2,
             "#de77ae"
            ],
            [
             0.3,
             "#f1b6da"
            ],
            [
             0.4,
             "#fde0ef"
            ],
            [
             0.5,
             "#f7f7f7"
            ],
            [
             0.6,
             "#e6f5d0"
            ],
            [
             0.7,
             "#b8e186"
            ],
            [
             0.8,
             "#7fbc41"
            ],
            [
             0.9,
             "#4d9221"
            ],
            [
             1,
             "#276419"
            ]
           ],
           "sequential": [
            [
             0,
             "#0d0887"
            ],
            [
             0.1111111111111111,
             "#46039f"
            ],
            [
             0.2222222222222222,
             "#7201a8"
            ],
            [
             0.3333333333333333,
             "#9c179e"
            ],
            [
             0.4444444444444444,
             "#bd3786"
            ],
            [
             0.5555555555555556,
             "#d8576b"
            ],
            [
             0.6666666666666666,
             "#ed7953"
            ],
            [
             0.7777777777777778,
             "#fb9f3a"
            ],
            [
             0.8888888888888888,
             "#fdca26"
            ],
            [
             1,
             "#f0f921"
            ]
           ],
           "sequentialminus": [
            [
             0,
             "#0d0887"
            ],
            [
             0.1111111111111111,
             "#46039f"
            ],
            [
             0.2222222222222222,
             "#7201a8"
            ],
            [
             0.3333333333333333,
             "#9c179e"
            ],
            [
             0.4444444444444444,
             "#bd3786"
            ],
            [
             0.5555555555555556,
             "#d8576b"
            ],
            [
             0.6666666666666666,
             "#ed7953"
            ],
            [
             0.7777777777777778,
             "#fb9f3a"
            ],
            [
             0.8888888888888888,
             "#fdca26"
            ],
            [
             1,
             "#f0f921"
            ]
           ]
          },
          "colorway": [
           "#636efa",
           "#EF553B",
           "#00cc96",
           "#ab63fa",
           "#FFA15A",
           "#19d3f3",
           "#FF6692",
           "#B6E880",
           "#FF97FF",
           "#FECB52"
          ],
          "font": {
           "color": "#2a3f5f"
          },
          "geo": {
           "bgcolor": "white",
           "lakecolor": "white",
           "landcolor": "#E5ECF6",
           "showlakes": true,
           "showland": true,
           "subunitcolor": "white"
          },
          "hoverlabel": {
           "align": "left"
          },
          "hovermode": "closest",
          "mapbox": {
           "style": "light"
          },
